50
98
5
19
62
83
13
4
13
96
78
2
50
61
41
1
57
6
48
12
33
20
14
25
89
53
8
3
84
31
52
83
55
10
84
31
15
52
29
52
81
69
97
86
93
92
31
92
48
6
38
15
87
33
36
29
38
26
3
46
63
45
0
88
19
61
88
61
0
10
10
72
62
11
99
96
56
94
48
30
10
55
52
0
28
15
65
54
98
8
64
11
30
96
14
0
48
78
16
3
27
21
9
30
93
31
48
68
72
55
19
19
21
10
24
8
17
46
36
23
98
78
28
40
97
50
92
50
63
59
11
69
85
82
78
19
81
96
57
51
3
72
53
77
34
91
32
53
60
91
82
10
27
21
50
8
82
63
42
28
49
68
75
58
78
19
52
5
63
59
28
98
82
97
87
40
45
83
62
22
26
4
72
57
37
44
34
51
69
58
58
50
84
99
66
39
59
43
61
10
25
61
41
37
79
91
43
8
3
89
58
71
28
71
85
71
35
27
80
80
86
68
0
41
79
90
29
81
44
64
29
6
84
56
80
45
31
92
17
3
20
58
76
29
85
35
68
30
9
40
1
72
91
95
80
44
54
74
94
81
28
23
14
83
81
77
3
71
38
63
46
98
96
26
1
75
47
70
3
41
49
66
56
66
7
56
84
79
93
64
2
98
86
39
83
27
52
27
4
29
19
80
20
90
84
38
95
31
48
37
4
48
23
27
9
12
86
20
43
85
4
93
68
22
36
92
64
47
51
64
44
10
47
3
6
32
6
38
8
84
19
14
68
18
8
4
90
4
0
47
27
96
87
10
41
43
30
60
20
31
61
59
93
58
62
48
61
24
75
11
67
17
32
7
85
59
35
51
99
98
31
3
0
62
93
61
39
47
93
29
61
18
49
74
90
54
40
3
89
45
50
96
16
29
53
57
64
39
26
42
39
99
71
45
40
79
15
91
88
87
35
7
79
96
34
80
59
77
11
87
90
49
88
6
81
94
82
33
17
53
27
45
10
72
90
11
45
66
73
96
0
6
71
61
59
13
12
79
6
34
43
41
37
36
8
45
35
84
17
53
54
74
30
75
80
21
64
83
63
36
34
95
56
1
97
87
43
39
87
49
91
11
5
32
60
6
52
24
43
7
76
77
75
95
82
36
34
16
96
91
89
62
85
58
29
16
15
78
77
13
45
45
88
94
53
32
68
23
6
41
44
45
70
98
72
20
36
97
73
20
76
67
56
63
77
36
31
83
93
79
6
90
92
27
21
93
39
32
43
0
7
10
33
6
60
29
79
46
48
60
10
18
73
94
18
26
28
22
99
37
24
51
56
93
97
11
56
16
22
73
88
62
48
86
58
25
67
66
69
88
69
73
82
61
65
93
53
92
78
82
51
56
88
59
83
9
65
75
90
40
78
34
52
97
37
59
2
21
89
4
93
74
59
78
7
52
32
68
78
99
58
27
8
83
4
5
17
86
37
64
51
34
79
72
1
3
92
58
30
18
74
19
60
51
39
13
24
93
71
69
95
77
34
49
98
9
97
91
49
80
64
8
66
53
5
29
63
10
51
58
89
63
8
14
62
91
95
32
97
85
12
40
92
58
29
48
95
74
77
75
47
72
39
13
59
86
19
46
13
75
20
45
14
5
40
0
23
22
96
18
18
7
24
8
1
44
12
68
50
28
60
65
46
53
76
67
62
92
10
92
10
12
57
61
94
21
17
72
10
56
47
76
71
19
46
5
98
49
86
43
52
80
10
40
63
95
48
60
97
46
86
20
9
53
71
25
18
91
85
45
11
30
95
21
92
43
17
30
24
97
67
73
49
6
17
6
43
82
79
55
13
34
0
82
75
84
40
59
5
51
3
70
29
59
1
58
87
38
64
74
62
47
30
80
7
53
75
75
16
49
75
8
8
73
66
37
76
93
67
62
52
41
80
85
54
86
53
88
79
26
55
30
7
27
20
55
16
16
89
12
42
98
21
42
47
1
52
4
23
9
90
14
1
22
73
27
26
69
60
65
65
33
10
34
32
56
29
44
81
88
93
57
98
84
84
31
43
38
10
29
95
11
57
78
75
21
25
18
0
86
37
95
19
28
25
27
39
91
48
92
92
57
11
32
93
7
68
0
23
10
63
81
46
28
34
47
57
71
17
89
32
33
19
56
16
34
40
23
9
49
16
43
97
96
31
39
45
21
62
19
98
63
88
12
90
41
4
94
29
79
7
27
61
33
70
35
51
47
1
63
33
35
64
9
75
0
75
37
74
49
